85
0 259
14 267
34 278
55 280
75 281
91 276
105 267
120 252
129 234
129 227
127 222
114 196
106 172
103 157
100 141
103 126
118 108
143 87
172 78
205 78
225 80
251 88
262 108
263 144
257 196
256 227
259 248
275 268
301 280
323 287
351 292
383 290
418 276
461 245
488 223
500 197
505 150
503 131
499 117
486 102
461 88
431 82
410 87
387 112
366 147
347 200
339 254
328 290
309 322
280 344
256 349
234 356
208 360
159 363
127 368
96 384
83 410
78 446
79 483
95 505
119 523
155 532
211 534
263 530
313 506
349 481
371 447
379 422
392 392
415 371
436 359
471 360
488 364
502 381
506 405
506 427
498 457
492 482
487 504
493 513
506 521
528 526
552 528
578 528
602 522