105
1 239
16 244
31 250
47 256
65 256
87 253
102 241
107 224
106 197
99 172
93 149
92 128
98 104
114 88
140 76
162 72
196 71
220 77
240 88
252 104
260 124
267 147
271 167
277 190
286 212
297 227
314 244
330 256
348 264
381 272
406 276
439 276
463 272
490 262
505 253
519 240
534 220
541 199
547 172
545 141
537 116
516 98
487 90
457 92
435 96
419 108
403 125
395 144
387 161
381 182
375 208
370 230
363 251
355 272
346 294
333 310
316 327
295 337
277 344
254 348
230 349
204 348
186 350
166 353
148 358
124 368
104 380
93 389
83 404
79 425
79 446
83 469
95 487
111 503
129 512
146 515
171 518
196 520
227 521
252 521
281 519
303 515
324 509
340 498
355 486
367 473
379 460
393 443
407 428
424 412
447 400
471 396
490 398
503 406
507 414
516 430
522 441
528 458
532 472
540 482
551 494
563 503
577 511
588 512
599 515
